0 8.794950
0 1.335857
0 1.590208
0 7.634596
0 1.981628
0 6.353271
0 1.385360
0 5.839642
0 8.201833
0 5.165133
0 2.951991
0 8.551889
0 0.340204
0 3.471008
0 8.051814
0 1.173167
0 2.387008
0 5.034534
0 7.741460
0 7.748342
0 2.925550
0 4.354541
0 3.713175
0 6.605620
0 6.754073
0 3.924501
0 1.889046
0 3.150088
0 6.516117
1 6.486699
0 0.547994
0 7.469084
0 1.130670
0 6.664287
0 3.464125
0 0.623139
0 7.904556
0 3.473510
0 0.849006
0 5.890785
0 1.474514
0 8.878365
0 4.965545
0 5.613954
0 8.008994
0 1.642867
0 4.992870
0 7.762701
0 7.337243
0 8.088703
0 8.403236
0 5.565611
0 1.629397
0 6.844837
0 4.661156
0 0.366666
0 5.719641
0 1.338892
0 0.132621
0 7.777565
0 2.588471
0 3.511747
0 5.895676
0 4.734377
0 4.762837
0 8.780959
0 2.387507
0 2.520295
0 4.129215
0 7.721199
0 8.752452
0 0.628091
0 2.934470
0 8.649062
0 8.290403
0 3.084422
0 1.225138
0 2.705385
0 1.893516
0 7.097438
0 0.545104
0 0.155131
0 5.568675
0 0.741625
0 5.103599
0 5.043052
0 7.657443
0 5.738004
0 3.619033
0 4.213673
0 3.408713
0 5.409134
0 2.505106
0 6.785677
0 1.675206
0 8.254725
0 7.891262
0 5.469042
0 1.377081
0 8.772855
0 3.320185
0 8.574398
0 8.707212
0 6.913306
0 6.751916
0 4.047156
0 5.375968
0 7.084295
0 3.800997
0 6.086328
0 7.451094
0 4.076968
0 7.554956
0 8.866354
0 2.321227
0 2.072057
0 2.447973
0 0.511954
0 1.430042
0 6.643874
0 6.409412
0 2.787657
0 1.647156
0 2.057886
0 6.279291
0 2.184112
0 5.509750
0 4.373820
0 4.867573
0 4.613909
0 3.109649
0 6.899620
0 0.735651
0 4.157538
0 5.930067
0 5.354812
0 6.439440
0 4.472395
0 5.073315
0 0.611515
0 7.377793
0 2.115115
0 0.392607
0 0.592324
0 0.565205
1 1.496141
0 0.679324
0 1.423131
0 4.960863
0 7.810208
0 1.284094
0 1.522931
0 1.491235
0 3.196710
0 7.067800
0 0.484164
0 6.742872
0 8.428389
0 8.145447
0 1.275377
0 6.628319
0 5.939769
0 2.838246
0 6.277747
0 3.509410
0 6.486563
0 4.999897
0 6.509323
0 2.349499
0 4.845625
0 3.820831
0 2.500831
0 2.763703
0 5.888618
0 0.681858
0 6.761027
0 6.683266
0 0.739946
0 6.676201
0 6.675907
0 4.035113
0 3.211663
0 6.004837
0 4.973163
0 2.670045
0 5.528042
0 2.715803
0 5.687051
0 6.071220
0 3.226868
0 1.455081
0 2.872277
0 3.574475
0 4.498417
0 5.662722
0 0.747286
0 2.093132
0 0.455881
0 0.561430
0 7.101988
0 1.291546
0 5.789078
0 7.659219
0 8.868876
0 0.951191
0 5.194405
0 5.288307
0 2.275188
0 3.749390
0 3.109957
0 3.158134
0 4.633368
0 4.561230
0 4.269275
0 4.327074
0 4.609810
0 5.821916
0 3.615073
0 6.861982
0 6.260222
0 3.162901
0 6.064276
0 1.062509
0 6.236275
1 3.165907
0 3.376170
0 4.121779
0 4.162038
0 4.056220
0 8.153113
0 1.329517
0 1.383072
0 2.179000
0 5.038866
0 6.836446
0 8.109484
0 5.302991
0 2.772047
0 2.458429
0 6.373412
0 7.948873
0 0.140536
0 2.123113
0 3.056696
0 2.128064
0 0.836905
0 8.174660
0 2.200549
0 8.985332
0 4.605747
0 5.439010
0 2.896526
0 0.767600
0 5.545150
0 0.504729
0 5.732721
0 5.780640
0 0.901004
0 7.613940
0 4.934097
0 3.589703
0 1.352050
0 3.204231
0 3.882074
0 4.453952
0 7.986509
0 7.241981
0 2.956339
0 4.038239
0 2.980859
0 4.361275
0 8.137881
0 3.152263
0 3.256957
0 8.255904
0 0.828516
0 6.892958
0 6.185507
0 1.279632
0 2.784132
0 7.662756
0 6.768555
0 1.149761
1 7.910207
0 6.204828
0 4.841891
0 5.608321
0 6.291838
0 5.103259
0 6.559480
0 8.354420
0 6.765944
0 0.741223
0 6.000787
0 6.245707
0 7.332497
0 0.611076
0 1.809628
0 3.811712
0 8.422949
0 8.992974
0 1.933924
0 2.936103
0 8.209139
0 3.685594
0 3.553597
0 1.948202
0 7.547759
0 4.648834
0 1.011021
0 6.417866
0 0.241437
0 7.223131
0 1.754470
0 5.299904
0 2.423067
0 5.303250
0 8.618329
0 6.995571
0 1.054867
0 4.598977
0 2.630297
0 2.717390
0 2.227046
0 8.837913
0 2.536789
0 2.061554
0 5.312685
0 7.703858
0 3.786799
0 0.478446
0 4.106290
0 7.659300
0 0.151558
0 6.129478
0 6.091469
0 5.221295
0 4.816584
0 4.173310
0 2.267116
0 3.945753
0 3.358958
0 4.866049
0 4.366080
0 5.081464
0 2.862967
0 7.841040
0 3.332703
0 1.713507
0 2.535544
0 8.903605
0 0.244729
0 3.280150
0 8.202911
0 8.838491
0 4.458942
0 2.537169
0 7.820663
0 0.283728
0 7.441669
0 2.227655
0 2.454342
0 0.877771
0 5.388247
0 0.360904
0 3.480067
0 2.077692
0 6.043137
0 7.004668
0 1.184743
0 8.735868
0 6.615779
0 5.942830
0 5.088282
1 6.384173
0 3.540624
0 4.517913
0 0.046628
0 8.355588
0 4.992094
0 7.793687
0 0.295508
0 6.680206
0 0.766162
0 6.988681
0 3.780370
0 5.544166
0 6.736238
0 8.847038
0 6.474116
0 4.789544
0 7.832740
0 1.596375
0 6.002493
0 6.315524
0 0.538998
0 8.955616
0 1.627842
0 0.784214
0 5.402305
0 4.536436
0 2.718018
0 1.350269
0 7.435113
0 1.274601
0 1.368525
0 8.048332
0 3.612559
0 7.327509
0 0.808369
0 2.957057
0 0.091116
0 2.606144
0 7.191484
0 4.528264
0 8.739024
0 3.757786
0 8.900126
0 7.318063
0 8.769328
0 1.453308
0 5.454582
0 3.786492
0 0.776551
0 8.918422
0 4.286498
0 3.588932
0 5.062655
0 1.877951
0 4.594637
0 7.282971
0 3.336507
0 4.408272
0 1.718444
0 3.880228
0 2.788886
0 4.517042
0 6.979101
0 8.146727
0 5.303315
0 2.864372
0 0.987557
0 2.795188
0 2.866122
0 0.038116
0 0.716472
0 8.829960
0 6.483092
0 2.437894
0 8.219275
